<?xml version="1.0"?>
<opencv_storage>
<intrinsics type_id="opencv-matrix">
  <rows>3</rows>
  <cols>3</cols>
  <dt>d</dt>
  <data>
    2.3999997009584425e+02 0. 3.1999999036741139e+02 0.
    2.3999996746857596e+02 2.3999998910778211e+02 0. 0. 1.</data></intrinsics>
</opencv_storage>
