<?xml version="1.0"?>
<opencv_storage>
<intrinsics type_id="opencv-matrix">
  <rows>3</rows>
  <cols>3</cols>
  <dt>d</dt>
  <data>
    5.2500003129244033e+02 0. 3.1950000156462204e+02 0.
    5.2500000562286016e+02 2.3949999327701508e+02 0. 0. 1.</data></intrinsics>
</opencv_storage>
